1 inf 
1 inf 
1 inf 
1 372.370136 
1 379.722802 
1 285.918513 
1 286.163972 
1 288.641940 
1 288.059916 
1 240.355726 
1 27.664813 
1 220.677480 
1 26.380004 
1 26.318214 
1 26.282936 
1 26.277065 
1 26.335541 
1 26.293993 
1 26.314751 
1 0.134598 
1 0.139782 
1 0.205550 
1 0.149125 
1 0.208196 
1 0.173494 
1 0.247038 
1 1 5.142181 
1 3.954476 
1 26.023708 
1 25.958181 
1 26.005773 
1 26.389750 
1 26.621942 
1 26.372699 
1 1 1 4.084417 
1 26.317175 
1 26.335541 
1 26.399504 
1 
1 3.539898 
1 23.042537 
1 26.666667 
1 26.315443 
1 26.377221 
1 26.679829 
1 26.349073 
1 26.410659 
1 26.654228 
1 0.211697 
1 0.187107 
1 3.774504 
1 3.958624 
1 26.364703 
1 26.485155 
1 26.297450 
1 5.363613 
1 5.388962 
1 13.347125 
1 13.409499 
1 13.251088 
1 13.311857 
1 13.366482 
1 26.365746 
1 26.104889 
1 26.362965 
1 26.389054 
1 
1 25.538544 
1 25.616394 
1 13.750524 
1 13.743249 
1 3.278533 
1 13.688598 
1 13.659709 
1 
1 
1 13.703417 
1 
1 
1 13.739472 
1 
1 
1 
1 13.272809 
1 13.287447 
1 13.127408 
1 13.737868 
1 13.297872 
1 
1 
1 13.270520 
1 13.255392 
1 13.265414 
1 13.269903 
1 6.781753 
1 27.123333 
1 8589934592.006630 
1 27.113408 
1 27.146338 
1 27.145509 
1 13.909159 
1 13.962407 
1 26.162999 
1 26.200348 
1 26.140435 
1 26.177035 
1 26.171042 
1 26.110411 
1 26.085982 
1 13.772772 
1 28.361751 
1 
1 29.069591 
1 29.066564 
1 29.070277 
1 29.067914 
1 26.068136 
1 28.261342 
1 28.925002 
1 28.959679 
1 28.955213 
1 
1 28.959417 
1 
1 
1 
1 28.082734 
1 28.082421 
1 28.956492 
1 28.252277 
1 
1 
1 
1 
1 29.191143 
1 29.181250 
1 29.190273 
1 29.192781 
1 16.134175 
1 
1 29.189469 
1 29.049179 
1 247.294944 
1 1674.308279 
1 1869.247000 
1 1814.826853 
1 1828.566039 
1 29.065936 
1 29.080000 
1 355.018274 
1 29.147465 
1 1460.254877 
1 26.493288 
1 
1 1371.563631 
1 29.127484 
1 9.726410 
1 262.086979 
1 265.220942 
1 264.618231 
1 26.758179 
1 26.741010 
1 26.743781 
1 325.121859 
1 260.447447 
1 266.625281 
1 265.797961 
1 261.884360 
1 268.624274 
1 267.813391 
1 265.930747 
1 264.947499 
1 254.262820 
1 265.599032 
1 266.377497 
1 266.082664 
1 266.768444 
1 261.040430 
1 262.409973 
1 266.073164 
1 266.644361 
1 265.731619 
1 265.202065 
1 11.217764 
1 255.930603 
1 259.486185 
1 256.124110 
1 261.388350 
1 259.107268 
1 253.976868 
1 256.936502 
1 259.531368 
1 258.182686 
1 259.441018 
1 259.848091 
1 0.196859 
1 0.207383 
1 0.209870 
1 0.210257 
1 0.001389 
1 0.001084 
1 0.195786 
1 0.211299 
1 0.001555 
1 55.341986 
1 0.215841 
1 0.178859 
1 0.213013 
1 0.218396 
1 0.001494 
1 0.001374 
1 0.001523 
1 0.001516 
1 0.209870 
1 0.209870 
1 0.209741 
1 0.215365 
1 0.200855 
1 0.209805 
1 0.201092 
1 0.250156 
1 0.505089 
1 0.552948 
1 0.584253 
1 0.004215 
1 0.004630 
1 0.004534 
1 0.584428 
1 0.004627 
1 0.575504 
1 0.571111 
1 0.004289 
1 0.558825 
1 0.563200 
1 0.565756 
1 0.563031 
1 0.551412 
1 0.568680 
1 0.561847 
1 0.566098 
1 0.548984 
1 0.003815 
1 0.003851 
1 0.523986 
1 0.004554 
1 
1 
1 0.004111 
1 0.004875 
1 0.003969 
1 0.004326 
1 0.610034 
1 0.629671 
1 0.004692 
1 0.470666 
1 0.585515 
1 0.614782 
1 49.901554 
1 
1 55.125882 
1 
1 
1 
1 
1 50.939711 
1 
1 31.784686 
1 45.620799 
1 
1 11.481265 
1 11.482061 
1 11.434231 
1 11.424941 
1 11.427954 
1 11.447404 
1 11.433530 
1 11.436706 
1 11.423803 
1 11.449954 
1 11.461083 
1 11.424030 
1 11.427586 
1 11.444152 
1 24.473799 
1 24.780435 
1 24.768740 
1 24.841063 
1 24.878463 
1 11.428690 
1 10.426716 
1 10.846086 
1 6.820247 
1 11.370294 
1 11.346560 
1 32.036571 
1 11.379062 
1 11.353163 
1 11.204980 
1 
1 13.526141 
1 28.684498 
1 47.573016 
1 
1 
1 49.780339 
1 55.935614 
1 55.907916 
1 55.894563 
1 55.749549 
1 55.772604 
1 55.663141 
1 55.640921 
1 55.684227 
1 55.657769 
1 55.642526 
1 55.577726 
1 55.688981 
1 55.615420 
1 55.670251 
1 55.724356 
1 55.703949 
1 
1 55.616689 
1 55.615955 
1 55.909249 
1 55.741972 
1 55.739907 
1 55.745508 
1 55.746820 
1 
1 55.748191 
1 
1 55.735757 
1 55.730335 
1 55.755830 
1 55.713823 
1 55.759906 
1 55.758988 
1 55.778403 
1 55.908363 
1 55.946957 
1 55.896753 
1 55.921854 
1 55.918013 
1 55.924953 
1 55.918795 
1 55.861421 
1 55.946460 
1 55.901561 
1 55.900088 
1 
1 14.019301 
1 55.961194 
1 4.269275 
1 55.269141 
1 55.695645 
1 55.672713 
1 55.879046 
1 
1 
1 55.654007 
1 55.730721 
1 55.663573 
1 
1 
1 55.698020 
1 
1 
1 
1 
1 
1 
1 
1 
1 
1 
1 
1 
1 
1 
1 25.763644 
1 
1 25.809685 
1 55.974354 
1 
1 25.757055 
1 25.770059 
1 
1 
1 29.026837 
1 29.036253 
1 29.012540 
1 29.034118 
1 29.049582 
1 
1 
1 
1 29.035899 
1 29.033453 
1 
1 
1 29.037088 
1 29.023911 
1 29.029678 
1 
1 
1 
1 
1 29.041077 
1 
1 
1 
1 
1 
1 
1 
1 
1 
1 
1 
1 
1 
1 
1 
1 
1 
1 
1 
1 
1 
1 
1 
1 
1 
1 
1 
1 
1 
1 
1 
1 
1 
1 
1 
1 
1 
1 
1 
1 
1 
1 
1 
1 
1 29.034019 
1 
1 
1 
1 
1 
1 
1 
1 
1 
1 
1 
1 
1 
1 
1 
1 29.032025 
1 29.038417 
1 29.046072 
1 15.009845 
1 29.024929 
1 17.587148 
1 18.054976 
1 18.054385 
1 17.296240 
1 17.667424 
1 17.702586 
1 18.212532 
1 17.729749 
