1 2->0.831584 1->14.503684 0->0.828144 
2 2->0.694549 1->3.535518 0->0.797041 
4 2->0.154907 1->1.743181 0->0.430242 
1 2->3.653615 1->20.520818 0->3.455998 
2 2->4.033600 1->5.504350 0->4.070443 
4 2->2.337727 1->7.032670 0->2.851920 
1 2->5.363124 1->24.574704 0->5.260637 
2 2->6.327277 1->5.890227 0->6.398137 
4 2->7.599199 1->7.356944 0->7.785922 
1 2->4.974358 1->27.490500 0->4.807678 
2 2->6.281787 1->6.724163 0->5.921676 
4 2->10.553798 1->7.384090 0->9.089553 


________________________________

2 0.897889 
2 2.555960 
2 4.934278 
2 9.098494 
__________________________
gtx640
1 16.249594 
1 22.908458 
1 26.824754 
1 28.207153 
1 0

________________
gtx460+gtx640
2 0.972362 
2 2.531947 
2 4.918101 
2 9.067190 
2 15.012816 

___________________
Quadro+gtx640

2 1.052880 
2 2.533194 
2 4.841204 
2 7.627295 
2 14.078404 


1 
1 
1 
1 
1 
1 
1 
1 
1 
1 
1 
1 
1 
1 
1 
1 
1 
1 
2 
2 
2 
2 
2 
2 
2 4.999988 
2 
2 4.919819 
2 1.547482 
2 5.911056 
2 4.936309 
2 4.825894 
2 4.869225 
2 1 
1 
1 
1 
1 
1 
1 
1 
1 
1 
1 
1 
1 
1 
1 
1 
1 
1 
1 
1 
1 
1 
1 
1 
1 
1 
1 
1 
1 
1 
1 
1 
1 
1 
1 
1 
1 
1 
1 
1 
1 
1 
1 
1 
1 
1 
1 
1 
1 
1 
1 
1 
1 
1 
1 
1 
1 
1 
1 
1 
1 
1 
1 
1 
1 
1 
1 
1 0.000042 
1 0.000040 
1 0.000046 
1 0.000042 
1 0.000041 
1 0.000043 
1 0.000044 
1 0.000037 
1 0.000040 
1 0.000043 
1 0.000041 
1 0.000039 
1 0.000043 
1 0.000039 
1 0.000044 
1 0.000036 
1 0.000047 
1 0.000035 
1 0.000046 
1 0.000043 
1 0.000040 
1 0.000044 
1 0.000045 
1 0.000037 
1 0.000045 
1 0.000043 
1 0.000043 
1 0.000047 
1 0.000046 
1 0.000047 
1 0.000038 
1 0.000047 
1 0.000044 
1 0.000046 
1 0.000046 
1 0.000043 
1 0.000036 
1 0.000036 
1 0.000046 
1 0.000036 
1 0.000038 
1 0.000046 
1 0.000037 
1 0.000043 
1 0.000036 
1 0.000032 
1 0.000036 
1 0.000043 
1 0.000048 
1 0.000045 
1 0.000035 
1 0.000044 
1 0.157812 
1 0.151139 
1 0.179941 
1 0.162301 
1 0.160269 
1 0.164615 
1 0.187599 
1 0.170035 
1 0.160371 
1 0.181742 
1 0.129363 
1 0.175037 
1 0.147030 
1 0.104602 
1 0.173846 
1 0.196410 
1 0.191929 
1 
1 
1 
1 0.184497 
1 0.183608 
1 2.938411 
1 0.104364 
1 2.485485 
1 3.125000 
1 2.811769 
1 1.820883 
1 3.064927 
1 2.399416 
1 2.707972 
1 5.891780 
1 27.976723 
1 32.894737 
1 1.777285 
1 1.861449 
1 2.417982 
1 2.315501 
1 2.789929 
1 3.223311 
1 2.332264 
1 2.173611 
1 2.326187 
1 3.077908 
1 2.618788 
1 2.215998 
1 2.432285 
1 2.634907 
1 2.234377 
1 
1 
1 2.303553 
1 2.281688 
1 28.455884 
1 
2 2 
2 
2 
2 
2 
2 
2 
2 2 2 
2 2 2 2 
2 2 
2 
2 2 
2 2 2 
2 
2 
2 
2 2 2 
2 2 
2 
2 
2 
2 
2 
2 2 
2 
2 
2 2 2 2 
2 
2 
2 
2 
2 
2 
2 
2 
2 
2 
2 
2 
2 
2 
2 
2 
2 
2 
2 
2 
2 
2 
2 2 2 2 2 
2 
2 
2 
2 2 
2 
2 
2 2 2 2 2 2 
2 
2 2 
2 
2 
2 
2 
2 
2 
2 
2 
2 
2 
2 27.506503 
2 28.599901 
2 
2 
2 
2 
2 
2 
2 
2 
2 
2 
2 
2 
2 
2 
2 
2 
2 
2 
2 
2 
2 
2 
2 
2 
2 
2 
2 
2 
2 2 2 
2 
2 
2 
2 
2 
2 
2 
2 
2 
2 
2 
2 
2 
2 
2 
2 
2 
2 
2 
2 
2 
2 
2 
2 
2 
2 
2 
2 
2 
2 2 2 
2 2 
2 
2 2 
2 
2 
2 
2 2 
2 
2 
2 2 2 
2 
2 2 
2 
2 
2 
2 
2 
2 
2 
2 
2 
2 
2 
2 
2 
2 
2 
2 
2 
2 
2 2 2 2 2 2 2 2 2 2 2 1.639660 11.038868 13.029825 14.009036 15.477720 14.465186 15.080909 14.470628 15.723889 19.347412 13.978292 17.337483 17.800087 17.701778 1.635553 1.748311 0.630501 3.401997 0.000000 5.419746 5.618341 5.782402 22.925526 22.360860 22.500984 20.716372 4.353524 4.212043 4.431524 5.781065 5.496816 4.538255 7.687075 42553.191489 273.522976 177.147919 125.015627 150.613751 97.661019 369.208049 75.253038 129.382844 76.216608 15.170133 14.703504 14.533616 13.626113 14.408184 15.000375 13.339647 18.262005 14.371946 13.936505 13.107792 15.312880 13.473548 16.327197 16.759683 12.991062 16.355236 13.453428 14.333424 13.003817 13.494639 16.359249 16.623860 13.235391 14.926933 13.489906 13.118453 17.068342 13.476272 18.392665 13.025837 12.747379 16.062322 12.987350 14.950141 17.230684 17.658953 16.504101 17.881570 14.193155 14.792352 13.400694 13.397104 12.827420 14.139972 13.348372 15.969339 16.035663 14.149175 16.129422 16.536032 13.546923 16.416318 15.539895 17.049426 13.774674 8.243344 8.043823 8.098969 8.025553 4.900676 8.096478 52.803886 43.932871 42.897282 42.561342 47.318239 10.515524 12.546343 10.846869 10.304232 12.829477 8.202503 8.989774 6.838448 6.263133 6.489566 6.573585 9.939963 6.827803 6.376921 6.260917 6.449012 5.054053 5.261247 4.638445 3.469457 3.513358 3.486677 3.387918 3.352673 5.811267 5.743413 5.587732 5.852831 5.840490 5.785698 5.874491 5.791042 1.737203 3.978469 4.049149 4.384311 4.482305 4.529078 4.384446 4.443427 3.507541 4.192872 5.381262 17.477781 18.542899 17.126367 17.147511 3.053207 2.683886 2.704431 15.318979 14.786556 15.679019 