4 
4 
4 
4 
4 
4 4 4 
4 
4 
4 
4 
4 4 
4 
342.025920 68.400690 

21.498613 128323.099232 130310.687731 126404.147636 85.472755 15.028837 32.713070 14.960957 17.172902 33.091666 17.176652 14.299905 32.654470 17.242866 19.486628 33.091842 19.450681 16.945696 32.712459 17.338632 19.727785 33.095968 19.699273 17.137898 32.716090 17.116159 19.493734 33.084950 19.692654 16.953658 32.702028 17.166203 19.667096 33.097230 19.718095 7.684505 58.377725 7.815525 29.467240 179.430245 29.388427 4.429930 16.546635 4.465066 10.757792 27.276225 10.754339 15.862908 32.577838 15.867367 15.592666 32.552273 15.740648 16.027118 32.544592 16.064322 15.385960 32.596839 15.912219 15.652365 32.570751 15.927697 15.846121 32.567114 16.006192 15.544545 32.575981 15.614021 15.722423 32.589668 16.056574 16.185373 32.406957 15.755378 15.841916 32.576397 15.862135 15.804949 32.553143 15.897204 15.735420 32.582273 32.572153 15.668254 32.575753 15.729816 32.569653 15.819727 15.563683 32.567380 32.479622 15.585792 32.625629 32.633462 15.914706 32.621258 33.843156 15.548904 32.552500 33.442859 15.966425 32.585837 27.808428 13.321148 31.727866 30.162923 13.141863 31.764759 27.552465 15.565543 32.582121 34.304477 15.583806 32.556890 33.824309 15.831382 32.546408 32.732727 15.548947 32.540091 31.260083 

15.667000 32.547126 32.682599 
15.671770 32.556020 32.108877 
15.635409 32.551099 35.610316 
15.497758 32.579506 35.121829
 
24.404448 46.623455 58.931150 
30.169000 51.830347 62.622198 
31.311433 52.153058 63.578090 
33.309623 52.271291 62.996793

____________________________
7.495843 38.916563 17.807767 
17.632048 47.481946 40.970479 
26.108654 50.742103 59.473283 
30.057750 51.751920 62.539309 
31.264616 52.111666 64.184835 
33.116015 50.603446 51.669154 
30.609169 33.744675 36.054561 


5.868883 44.720537 16.190661
15.094650 49.491141 38.040039 
25.791688 51.171121 50.991849 
29.373810 51.821710 61.523597 
31.251473 52.156899 64.133468 
32.012246 52.260132 62.411354 
30.186677 36.688995 37.175176 
31.904186 35.229603 39.824745 
_______________________________

2 29.484925 
2 63.274216 
2 92.888207 
2 101.819008 
_________________________

2 0.856852 
2 3.237260 
2 11.237967 
2 33.567940 
2 77.955329 
2 119.849784 
2 
2 
2 
______________
12-8-2-2:4-2-2
2 0.784826 
2 2.977067 
2 9.845317 
2 28.476877 
2 61.530883 
2 102.892165 
2 125.319517 
2 138.190895 
2 
______________
20-16-2-2:4-2-2



2 0.778722 
2 2.893869 
2 9.623862 
2 31.262678 
2 89.929126 
2 230.294280 
2 535.731697 
2 1167.921084 
2 


2 0.770707 
2 2.895497 
2 9.714939 
2 31.053583 
2 90.298202 
2 230.350192 
2 537.358279 
2 1173.585501 
2 
2 




2 
2 2 
2 2 0.871433 
2 3.221429 
2 10.970752 
2 30.811246 
2 59.100181 
2 79.695567 
2 88.354131 
2 
2 

___________________
gtx640+QUADRO K2000
8192 16384 32768 65536 131072 262144 524288
____________________
1 18.498587 
2 0.858753 
1 49.434203 
2 3.222024 
1 51.258573 
2 11.044094 
1 51.827448 
2 30.419707 
1 52.135477 
2 56.943269 
1 52.271609 
2 74.974831 
1 0
2 82.241325 

___________________
gtx640+corei7+QUADRO K2000
8192 16384 32768 65536 131072 262144 524288
____________________
1 1.440327 
2 0.848653 
1 41.375160 
2 3.127691 
1 56.448757 
2 10.811868 
1 60.519137 
2 30.029840 
1 56.577450 
2 59.764891 
1 57.209539 
2 83.386370 
1 
2 93.628614 
1 
2 
1 
2 
1 
2 
1 
2 1 
1 
1 
1 
1 
1 
1 
1 
1 22.104155 
1 
1 
1 
1 
1 
1 
1 
1 
1 
1 1 
1 
1 
1 
1 
1 
1 1 
1 
1 
1 
1 
1 
1 
1 
1 
1 
1 
1 
1 
1 
1 
1 
1 
1 
1 
1 
1 
1 
1 
1 
1 
1 
1 
1 
1 
1 
1 
1 
1 
1 
1 
1 
1 
1 
1 
1 
1 
1 
1 
1 
1 
1 0.055345 
1 0.056691 
1 0.055500 
1 0.056471 
1 0.046492 
1 0.043145 
1 0.053523 
1 0.012154 
1 0.012459 
1 0.047281 
1 0.052195 
1 0.011694 
1 0.012612 
1 0.054629 
1 0.058458 
1 0.062782 
1 0.101479 
1 0.059478 
1 0.055731 
1 0.112234 
1 0.063923 
1 0.055427 
1 0.036610 
1 0.122070 
1 0.056395 
1 0.114046 
1 0.066244 
1 0.050261 
1 0.005270 
1 0.004990 
1 0.000259 
1 0.002191 
1 0.002225 
1 0.002226 
1 0.058144 
1 0.079766 
1 1 0.000359 
1 0.060128 
1 65.935779 
1 3.711025 
1 17.234113 
1 17.307490 
1 35.184575 
1 35.255167 
1 36.962862 
1 9.579011 
1 
1 
1 
1 
1 
1 
1 
1 
1 
1 
1 
1 
1 
1 
1 
1 
1 
1 
1 
1 
1 
1 1 
1 
1 
1 
1 
1 
1 
1 
1 
1 
1 
1 
1 
1 
1 
1 
1 
1 29.531787 
2 
2 
2 2 2 2 2 2 
2 
2 
2 
2 
2 
2 
2 2 
2 2 2 2 
2 
2 
2 
2 2 2 2 
2 
2 
2 
2 2 2 
2 
2 2 2 2 2 2 2 2 2 2 2 2 2 2 2 2 
2 
2 
2 
2 
2 
2 
2 2 2 2 2 
2 
2 
2 
2 
2 2 
2 
2 
2 
2 
2 
2 
2 
2 
2 
2 
2 
2 
2 
2 2 
2 
2 
2 
2 
2 
2 
2 
2 
2 
2 
2 2 
2 
2 2 2 2 
2 
2 
2 
2 
2 
2 
2 
2 
2 
2 
2 
2 
2 
2 
2 
2 
2 
2 2 
2 
2 
2 
2 
2 
2 
2 
2 
2 
2 
2 
2 
2 
2 
2 
2 
2 
2 
2 
2 
2 
2 
2 
2 
2 
2 
2 2 2 
2 2 
2 2 
2 
2 
2 
2 
2 
2 
2 
2 
2 
2 35.407573 
2 30.838585 
2 33.334545 
2 29.893579 
2 32.775553 
2 4.478740 
2 
1 
1 
1 
1 
1 
1 
1 
1 
1 
1 
1 
1 
1 
1 
1 
1 
1 
1 9228.187919 
1 11603.375527 
1 6790.123457 
1 2.767967 
1 3.957358 
1 35.987699 
1 36.976779 
1 35.935969 
1 32.618107 
1 35.355678 
1 1.432588 
1 6.897711 
1 7.193849 
1 7.265061 
1 
1 15.225419 
1 15.404178 
1 14.578960 
1 14.068439 
1 13.068727 
1 25.236419 
1 20.541128 
1 23.335540 
1 26.428141 
1 25.754489 
1 24.923361 
1 24.933756 
1 15.901469 
1 15.355408 
