1048576 0.00102298	0.019093 
1048576 0.00022718	0.085973 
1048576 0.00098674	0.019794 
4194304 0.00182373	0.042838 
4194304 0.00077437	0.100888 
4194304 0.00172928	0.045178 
16777216 0.00517818	0.060349 
16777216 0.00296255	0.105483 
16777216 0.00474887	0.065805 
134217728 46.00363570	0.005392 
1048576 23.00960581	0.000082 
1048576 0.00574391	0.003400 
1048576 0.00988424	0.001976 
4194304 1.00060519	0.007367 
4194304 0.00570990	0.013682 
4194304 1.00019566	0.007663 
16777216 1.00191010	0.026238 
16777216 0.00722144	0.043274 
16777216 1.00833230	0.017046 
134217728 29.00537836	0.008464 
134217728 13.00618011	0.018358 
134217728 15.00878215	0.015745 
1048576 1.00039850	0.001878 
1048576 0.00541580	0.003606 
1048576 0.00808597	0.002415 
4194304 0.00856086	0.009126 
4194304 0.00562659	0.013885 
4194304 0.00844478	0.009251 
16777216 1.00038228	0.030099 
16777216 0.00733350	0.042613 
16777216 1.00323614	0.023610 
134217728 16.00604931	0.015056 
134217728 16.00070662	0.015556 
134217728 17.00977919	0.013906 
