1 1 1 1 1 1 1 1 1 1 1 1 1 1 1 1 1 1 1 1 1 1 1 1 1 1 1 1 1 1 1 1 1 1 1 1 1 1 1 1 1 1 1 1 1 1 1 1 1 1 1 1 1 1 1 1 1 1 1 1 1 1 1 1 1 1 1 1 1 1 1 1 1 1 1 1 1 1 1 1 1 1 1 1 1 1 1 1 1 1 1 1 1 1 1 1 1 1 1 1 1 1 1 1 1 1 1 1 1 1 1 1 1 1 1 1 1 1 1 1 1 1 1 1 1 1 1 1 1 1 1 1 1 1 1 1 1 1 1 1 1 1 1 1 1 1 1 1 1 1 1 1 1 1 1 1 1 1 1 1 1 1 1 1 1 1 1 1 1 1 1 1 1 1 1 1 1 1 1 1 1 1 1 1 1 1 1 1 1 1 1 1 1 1 1 1 1 1 1 1 1 1 1 1 1 1 1 1 1 1 1 1 1 1 1 1 1 1 1 1 1 1 1 1 1 1 1 1 1 1 1 1 1 1 1 1 1 1 1 1 1 1 1 1 1 1 1 1 1 1 1 1 1 1 1 1 1 1 1 1 1 1 1 1 1 1 1 1 1 1 1 1 1 1 1 1 1 1 1 1 1 1 1 1 1 1 1 1 1 1 1 1 1 1 1 2 2 2 2 2 2 2 2 2 2 2 2 2 2 2 2 2 2 2 1 1 1 1 1 1 1 1 1 1 1 1 43.038983 104.355539 45.288830 
1 1 1 1 1 1 2 40.189292 76.562350 39.652250 
1 1 1 1 4 15.773773 19.458376 18.698797 
1 1 61.759728 108.355569 66.895925 
2 59.502559 101.291466 73.825937 
4 49.147898 52.881199 35.035780 
1 5.850697 
2 7.366838 12.221054 13.007826 
4 6.446759 15.530652 14.095955 
1 
2 17.504905 56.724558 21.718914 
4 58.692079 83.138491 126.082350 

1 46.693515 122.978540 50.794296 
2 44.633392 83.166999 59.102091 
4 16.315243 24.034056 16.942225 
1 70.418351 136.808263 77.285912 
2 83.102853 133.190708 87.556570 
4 47.777381 68.793238 50.772778 
1 2.843929 6.256472 
2 9.778054 15.307281 
4 17.522201 16.188443 
1 
2 16.764967 61.782249 46.516859 
4 79.763352 214.624209 195.774932 

1 45.059507 122.876540 49.074937 
2 4.101435 25.659859 58.789812 
4 2.820439 19.466520 18.711481 
1 67.939110 127.788382 75.005567 
2 79.399344 147.591264 99.910081 
4 47.108287 68.436023 12.745272 
1 8.797357 10.084625 
2 10.117030 17.603893 
4 15.775165 16.778265 
1 50.501663 107.751454 
2 
4 103.960341 
__________________________________

1 
2 
4 
1 
2 
4 
1 
2 
4 
1 
2 
4 
1 45.329118 118.511496 48.802508 
2 4.163535 60.528566 44.455805 
4 2.693794 13.600932 12.729914 
1 66.860283 126.172020 73.493948 
2 78.569833 146.824687 98.243287 
4 41.576368 45.970869 41.582203 
1 9.968979 11.495408 
2 14.840430 16.514239 
4 18.876843 16.945853 17.612007 
1 59.370634 80.233756 
2 98.399755 225.372845 
4 99.932936 
_______________________________

1 41.392870 99.367773 44.614973 
2 42.785553 108.213397 40.312218 
4 3.322875 16.244974 14.093936 
1 60.264221 104.565937 65.787445 
2 59.636515 91.751800 85.230602 
4 35.207665 24.410245 40.206864 
1 11.338281 11.216746 
2 13.796156 16.692165 
4 17.748457 19.468570 
1 51.487615 78.235353 
2 83.973798 152.797827 
4 

__________________________
1 41.357562 37.701349 43.650967 
2 30.149769 106.870433 41.224364 
4 2.828392 14.602537 13.540503 
1 60.138506 103.687383 65.528787 
2 58.738769 114.025492 85.280573 
4 36.705456 40.689794 36.190948 
1 9.670212 12.753415 
2 14.755300 16.490801 
4 16.690319 18.717394 
1 62.687504 65.849050 
2 96.578791 155.769780 
4 
_________________________________

1 42.226832 100.529034 46.015093 
2 29.570161 107.686095 52.691897 
4 3.377835 14.555458 13.912874 
1 60.695034 104.854089 65.666484 
2 69.077023 117.113161 84.430713 
4 36.845390 44.658495 37.148784 
1 21.365891 14.912679 17.307591 
2 20.395325 0 21.712550 
4 18.260090 18.717752 25.809902 
1 9.087287 0 9.417169 
2 9.988187 0 15.677333 
4 15.384996 0 16.253973 
_______________________________
1 41.270726 45.495647 45.643603 
2 18.083755 19.390179 16.721954 
4 13.277898 14.092198 13.872464 
1 60.697682 104.892583 65.835087 
2 46.261961 58.950207 43.254291 
4 36.940411 41.385536 15.945014 
1 9.560226 10.908763 
2 10.485180 15.155895 
4 17.032209 16.170735 16.036104 
1 36.282814 47.431989 
2 53.211440 110.915853 
4 60.050952 108.294743 
_____________________________

1 42.215468 99.812851 45.646208 
2 16.582373 25.286688 18.640762 
4 9.139734 14.431394 14.481342 
1 60.267853 104.464895 65.756217 
2 41.543389 59.331886 49.106417 
4 37.641523 46.095628 27.425743 
1 9.824130 10.954454 
2 10.853821 15.639155 
4 18.214777 16.141028 18.000069 
1 41.576844 58.022408 
2 67.177346 
4 108.151017 128.881323 135.798032 
__________________________________



1 30.419639 96.865200 34.918944 
2 16.167593 20.920283 16.736332 
4 7.830838 13.950260 12.601005 
1 56.150694 103.156592 60.642699 
2 44.336927 51.185586 42.325971 
4 35.039617 45.647770 35.314436 
1 10.865907 0 12.973771 
2 14.181431 16.914789 17.004281 
4 19.950492 19.270799 19.829534 
1 48.157587 0 71.433594 
2 57.760136 157.731379 140.321990 
4 134.148636 135.240828 136.871131 
________________________________
1 36.972506 98.082487 39.620436 
2 16.208014 21.073650 17.067723 
4 8.217374 14.801137 12.285805 
1 57.280843 100.412948 61.690671 
2 40.515048 54.839406 42.329386 
4 34.078952 43.187974 37.260818 
1 10.005650 11.135655 
2 11.725905 14.810494 
4 19.737167 16.860873 17.403610 
1 30.816750 50.122467 
2 67.732161 139.461884 
4 134.423000 134.207886 138.299884 
_________________with_Wait_______
1 36.073247 97.591919 39.496811 
2 14.837373 20.102826 14.722364 
4 3.227329 14.249175 11.287271 
1 59.395208 104.097539 64.485187 
2 39.782341 52.360133 42.911203 
4 32.435676 41.288884 28.258391 
1 9.679024 11.529604 
2 11.625823 15.583850 
4 18.438943 18.643711 18.945550 
1 33.389217 42.090639 
2 87.572759 
4 84.249935 

1 2=>36.713247 1=>98.090906 0=>39.437620 
2 2=>14.235534 1=>21.868798 0=>16.428184 
4 2=>3.230347 1=>14.160671 0=>11.271368 
1 2=>58.450158 1=>102.027152 0=>28.191299 
2 2=>38.517370 1=>50.167591 0=>43.427870 
4 2=>32.882940 1=>41.474953 0=>34.093912 
1 2=>10.187650 0=>11.314899 
2 2=>14.175168 0=>16.023114 
4 2=>18.170624 1=>17.453154 0=>18.471363 
1 2=>38.169908 0=>53.255065 
2 2=>51.932534 
4 2=>60.399738 1=>106.083297 
__________________________________________
1 2=>32.116648 1=>89.303655 0=>37.547404 
2 2=>15.521443 1=>19.366474 0=>15.725527 
4 2=>3.439572 1=>13.789537 0=>11.539149 
1 2=>55.465424 1=>94.185516 0=>60.402545 
2 2=>40.094724 1=>50.709859 0=>42.594483 
4 2=>32.382699 1=>41.785276 0=>34.711864 
1 2=>11.004404 0=>11.337731 
2 2=>10.793326 0=>19.155238 
4 2=>18.837767 1=>17.568699 0=>17.018357 
1 
2 
4 
1 2=>34.340217 1=>86.860220 0=>36.446635 
2 2=>14.416181 1=>21.623667 0=>15.849776 
4 2=>3.331891 1=>13.936578 0=>11.552580 
1 2=>54.098923 1=>90.271293 0=>58.819961 
2 2=>39.929225 1=>51.117476 0=>42.240154 
4 2=>32.425159 1=>41.662490 0=>34.441043 
1 2=>9.490968 0=>9.588180 
2 2=>13.993211 0=>15.127461 
4 2=>17.789085 1=>17.186215 0=>20.334908 
1 
2 
4 _____27,28_____________
1 2=>36.238121 1=>95.378893 0=>38.465977 
2 2=>14.994190 1=>21.143661 0=>16.035695 
4 2=>3.134833 1=>13.904749 0=>11.503475 
1 2=>58.354548 1=>100.568843 0=>63.580622 
2 2=>39.926186 1=>54.053963 0=>42.386239 
4 2=>32.680373 1=>35.520430 0=>34.467605 
1 2=>10.567465 0=>13.358360 
2 2=>13.316048 0=>17.434421 
4 2=>17.136107 1=>18.460020 0=>20.070911 
1 2=>58.353623 0=>63.977992 
2 2=>110.824190 0=>136.007655 
4 1=>84.528049 0=>88.167583 

____26,28______________________________

1 2=>36.122763 1=>95.872681 0=>38.436776 
2 2=>15.361072 1=>19.889613 0=>15.484400 
4 2=>7.932023 1=>14.169976 0=>11.118369 
1 2=>58.489900 1=>101.369438 0=>63.396968 
2 2=>39.407557 1=>52.030067 0=>40.181873 
4 2=>33.069945 1=>40.960419 0=>35.696398 
1 2=>11.045547 0=>12.685266 
2 2=>16.100889 0=>15.489901 
4 2=>19.676226 1=>20.076795 0=>19.434941 
1 2=>56.444402 0=>79.043853 
2 0=>110.464148 
4 1=>80.962403 
_________________________________
1 36.279863 95.263045 38.866082 
2 15.835031 20.399785 15.458848 
4 8.445705 14.617639 12.207646 
1 58.864323 103.165571 63.982981 
2 38.925889 52.426615 42.623305 
4 34.199544 42.743948 16.550546 
1 11.745321 0 12.086169 
2 11.208948 0 19.023363 
4 20.056547 17.647725 17.938414 
1 32.655558 0 44.372324 
2 71.879432 0 125.906614 
4 134.812940 141.121630 137.421811 
____________7to1_________________

1 36.330939 94.918311 38.780170 
2 15.268370 19.753525 15.099183 
4 8.359334 14.803109 12.035052 
1 58.920792 101.714525 63.810610 
2 41.056697 54.995102 42.486749 
4 34.952852 41.891451 36.291713 
1 11.219653 0 12.614387 
2 11.318367 16.777957 
4 18.802011 17.580107 20.251144 
1 41.019173 0 50.332504 
2 59.923340 0 135.335667 
4 130.726063 134.867557 138.394051 
_________________________________

1 3.292020 49.979071 44.553601 
2 18.480445 32.362721 18.007676 
4 12.676962 15.830487 11.822287 
1 59.634848 103.751256 64.763038 
2 34.438931 49.832516 43.434885 
4 34.575345 42.270061 36.137204 
1 35.640935 55.634177 47.615115 
2 71.479548 65.600925 85.843818 
4 54.362645 45.700902 40.287882 
1 11.133590 9.706341 
2 11.950871 8.398788 
4 18.229025 20.373045 
______________________________
1 
2 
4 
1 
2 
4 
1 
2 
4 
1 1 
2 
4 
1 
2 
4 
1 
2 
4 
1 
2 
4 
1 
2 
4 
1 
2 
4 
1 
2 
4 
1 
2 
4 
1 2->41.180013 
1->62.184221 
0->44.174733 
2 2->40.070524 
1->60.874462 
0->40.158627 
4 2->11.839574 
1->16.203877 
0->12.379072 
1 2->58.559474 
1->102.683571 
0->63.705933 
2 2->66.027302 
1->109.244472 
0->69.683528 
4 2->34.708739 
1->40.863288 
0->37.470550 
1 2->65.635640 
1->37.227245 
0->46.099148 
2 2->31.081601 
1->66.049448 
0->35.335338 
4 2->47.445575 
1->60.771571 
0->24.939687 
1 2->9.795507 
0->13.137548 
2 2->11.579056 
0->19.720857 
4 2->17.116400 
0->20.339963 
1 41.770658 40.624397 45.100913 
2 28.521414 106.364591 39.676832 
4 13.560494 14.136374 12.384304 
1 59.353345 102.285767 64.123373 
2 58.097208 91.940813 83.578846 
4 37.010735 41.298529 36.176382 
1 65.136767 28.992072 47.483663 
2 71.338761 64.438309 89.467695 
4 51.234553 34.446938 58.274740 
1 10.318289 13.327832 
2 13.720593 15.580208 
4 20.197116 17.234930 
_______________________________
1 39.002511 53.883302 44.643854 
2 39.182074 105.892942 40.555612 
4 12.098482 16.674101 12.266120 
1 58.925674 100.811533 62.948137 
2 59.446847 95.207210 80.996459 
4 37.818041 44.316910 39.733537 
1 48.497450 33.577628 40.611302 
2 76.276923 66.303929 36.059507 
4 51.446449 21.926121 1 
2 
4 
1 
2 
4 
1 
2 
4 
1 
2 
4 
1 1 
1 
1 0.008247 
1 0.780314 
1 0.785966 
1 0.779691 
1 0.787233 
1 0.799478 
1 0.797519 
1 0.000823 
1 0.040767 
2 
2 
2 
2 
2 
2 
2 
2 
2 
2 
2 0.044694 
2 0.050536 
2 2 0.033450 
2 0.016199 
2 0.046423 
2 0.017787 
2 0.016525 
2 0.033395 
2 0.037656 
1 
1 
1 
1 
1 
1 
1 
1 
1 
1 
1 
1 
1 
1 
1 
1 
1 
1 
1 
1 
1 
1 
1 
1 
1 
1 
1 
1 
1 
1 
1 
1 
1 
1 
1 
1 
1 
1 
1 
1 
1 
1 
1 
1 
1 
1 
1 
1 
1 
1 
1 
1 
1 
1 
1 
1 
1 
1 
1 
1 
1 
1 
1 
1 
1 
1 
1 
1 
1 
1 
1 
1 
1 
1 
1 
1 
1 
1 
1 
1 
1 
1 
1 
1 
1 
1 
1 
1 
1 
1 
1 
1 
1 
1 
1 
1 
1 
1 
1 
1 
1 
1 
1 
1 
1 
1 
1 
1 
1 
1 
1 
1 
1 
1 
1 
1 
1 
1 
1 
1 
1 
1 
1 
1 
1 
1 
1 
1 
1 
1 
1 
1 
1 
1 
1 
1 
1 
1 
1 
1 
1 
1 
1 
1 
1 
1 
1 
1 
1 
1 
1 
1 
1 
1 
1 
1 
1 
1 
1 
1 
1 
1 
1 
1 
1 
1 
1 
1 
1 
1 
1 
1 
1 
1 
1 
1 
1 
1 
1 
1 
1 
1 
1 
1 
1 
1 
1 
1 
1 
1 
1 
1 
1 
1 
1 
1 
1 
1 
1 
1 
1 
1 
1 
1 
1 
1 
1 
1 
1 1 
1 
1 
1 
1 
1 
1 
1 
1 
1 
1 
1 
1 1 
1 
1 
1 
1 
1 
1 
1 
1 
1 
1 
1 
1 
1 
1 
1 
1 
1 
1 
1 
1 
1 
1 
1 
1 
1 
1 
1 
1 
1 
1 
1 
1 
1 
1 
1 
1 
1 
1 
1 
1 
1 
1 
1 
1 
1 
1 
1 
1 
1 
1 
1 
1 
1 
1 
1 
1 
1 
1 
1 
1 
1 
1 
1 
1 
1 
1 
1 
1 
1 
1 
1 
1 
1 
1 
1 
1 
1 
1 
1 
1 
1 
1 
1 
1 
1 
