 0.160879  0.165865  0 
 0.297352  0.303176  1 
 0.439174  0.444891  2 
 0.576164  0.582645  3 
 0.724684  0.727948  4 
 0.865092  0.871441  5 
 1.005739  1.012193  6 
 1.146653  1.153365  7 
 1.287713  1.294295  8 
 1.430102  1.432747  9 
 1.587085  1.744870  10 
 1.872313  2.024850  11 
 2.152639  2.303109  12 
 2.431319  2.578745  13 
 2.708673  2.879663  14 
 3.009553  3.166555  15 
 3.295699  3.448848  16 
 3.595978  3.600346  17 
 3.732477  3.735282  18 
 3.871449  3.874818  19 
 4.008893  4.012926  20 
 0.818492  0.821067  2 
 0.821872  0.822706  8 
 0.022668  0.031409  0 
 0.037893  0.040457  3 
 0.037913  0.043298  2 
 0.037972  0.043385  5 
 0.037425  0.043431  4 
 0.037936  0.043456  1 
 0.043871  0.051159  6 
 0.050640  0.053937  7 
 0.051034  0.054704  8 
 0.054775  0.055883  9 
 0.072335  0.138882  16 
 0.074901  0.194885  15 
 0.077526  0.239270  13 
 0.082887  0.282767  14 
 0.083266  0.349629  10 
 0.087265  0.389644  11 
 0.091252  0.444569  12 
 0.094876  0.492793  13 
 0.507690  0.509054  20 
 0.509130  0.509910  19 
 0.509969  0.510752  18 
 0.510815  0.512176  17 
 2.025268  2.037593  0 
 2.037222  2.039068  1 
 2.037541  2.039870  3 
 2.037571  2.042729  2 
 2.046526  2.047943  5 
 2.046729  2.049301  6 
 2.050448  2.053860  4 
 2.057117  2.057966  7 
 2.058063  2.059564  9 
 2.057958  2.059562  8 
 2.078444  2.198918  12 
 2.078453  2.390827  13 
 2.079352  2.392581  16 
 2.079625  2.394031  14 
 2.079390  2.403358  15 
 2.078429  2.403424  11 
 2.103029  2.442186  10 
 2.122436  2.499186  13 
 2.507556  2.508965  20 
 2.509041  2.509825  19 
 2.509886  2.510680  18 
 2.509215  2.516124  17 
 0.026718  0.030295  0 
 0.043486  0.047172  2 
 0.048079  0.048880  1 
 0.052089  0.053641  4 
 0.052100  0.054254  3 
 0.053720  0.054867  5 
 0.054291  0.056858  6 
 0.062961  0.064441  7 
 0.062789  0.064697  8 
 0.064436  0.065221  9 
 0.082752  0.186999  12 
 0.082743  0.495649  16 
 0.082815  0.495701  13 
 0.082856  0.495719  10 
 0.082837  0.495870  11 
 0.082766  0.495927  13 
 0.082796  0.495980  15 
 0.082775  0.498910  14 
 0.509628  0.511035  17 
 0.511121  0.511908  19 
 0.511930  0.513307  20 
 0.512846  0.513920  18 
 0.016974  0.026692  0 
 0.031150  0.033882  1 
 0.032385  0.036727  3 
 0.032407  0.036844  2 
 0.034427  0.038644  4 
 0.049900  0.051753  5 
 0.054073  0.058375  8 
 0.058547  0.059387  7 
 0.058556  0.060223  9 
 0.059431  0.061067  6 
 0.079512  0.188004  11 
 0.079458  0.188108  16 
 0.079698  0.285246  15 
 0.079706  0.300226  10 
 0.079723  0.336604  13 
 0.079746  0.387940  13 
 0.079759  0.439299  14 
 0.079765  0.490736  12 
 0.501273  0.502680  20 
 0.502758  0.503546  19 
 0.503601  0.504392  18 
 0.503608  0.505792  17 
 0.015130  0.021114  0 
 0.022658  0.025168  1 
 0.025754  0.028210  2 
 0.028928  0.031882  3 
 0.032511  0.037507  4 
 0.038061  0.040242  5 
 0.047932  0.051832  7 
 0.040784  0.052245  6 
 0.050887  0.053793  8 
 0.052085  0.053793  9 
 0.072481  0.179753  13 
 0.074041  0.487460  13 
 0.074060  0.487576  12 
 0.072472  0.487699  10 
 0.074026  0.487758  14 
 0.073979  0.488412  16 
 0.072490  0.491668  11 
 0.074003  0.491752  15 
 0.502204  0.510637  19 
 0.502229  0.510653  18 
 0.502215  0.510720  17 
 0.506199  0.510637  20 
 0.015397  0.019827  0 
 0.032860  0.033715  1 
 0.036873  0.041275  3 
 0.037424  0.042048  2 
 0.040649  0.043819  5 
 0.036883  0.044068  4 
 0.043664  0.051661  6 
 0.051342  0.054937  7 
 0.051534  0.058294  8 
 0.058369  0.059194  9 
 0.077404  0.212860  14 
 0.077415  0.245398  13 
 0.077422  0.296859  12 
 0.077429  0.438848  13 
 0.077465  0.444863  11 
 0.077451  0.444884  10 
 0.077296  0.442826  15 
 0.170180  0.492703  16 
 0.502513  0.503794  19 
 0.503890  0.505614  18 
 0.503302  0.506424  20 
 0.505860  0.507725  17 
 0.013968  0.019844  0 
 0.030558  0.034672  4 
 0.031739  0.036366  1 
 0.034856  0.037687  3 
 0.034869  0.038296  2 
 0.034890  0.038908  5 
 0.048364  0.051476  8 
 0.036910  0.051732  6 
 0.051828  0.052684  7 
 0.052795  0.053641  9 
 0.072534  0.175647  12 
 0.072547  0.246070  11 
 0.072555  0.282070  10 
 0.072568  0.331632  14 
 0.072588  0.381090  15 
 0.072605  0.432453  13 
 0.124189  0.483826  16 
 0.072405  0.483818  13 
 0.498501  0.500873  17 
 0.498520  0.504660  18 
 0.498274  0.504703  20 
 0.498528  0.506086  19 
